12, 6, 7, 19, 16
2, 14, 16, 18, 10
1, 13, 11, 3, 3
13, 9, 15, 18, 7
9, 6, 17, 10, 19
7, 7, 2, 6
7, 11, 15, 4, 13
8, 7, 13, 13, 15
8, 1, 17, 18
18, 2, 2, 15, 6
17, 12, 2
3, 15, 16
19, 3, 5, 3
8, 6, 18, 16, 16
4, 2, 11, 2
12, 8, 12, 11
2, 4, 7
12, 3, 4, 16, 14
1, 14, 1, 11, 19
19, 10, 19, 7
5, 8, 9
19, 4, 9
13, 11, 18, 1
2, 15, 15, 2
16, 15, 19, 16
17, 12, 16
15, 14, 19, 8, 14
5, 9, 12, 17
18, 17, 15, 12, 19
10, 8, 9, 3
11, 7, 11, 9
14, 9, 18, 7
10, 17, 8, 5, 19
2, 8, 6, 3
9, 15, 3, 12, 18
19, 1, 7, 16
5, 4, 16, 18, 10
11, 17, 14, 9, 16
16, 13, 16
9, 5, 17, 14
11, 8, 1, 5
14, 18, 14, 7
18, 16, 1, 19
7, 19, 9, 2
7, 18, 2, 10
1, 16, 11
17, 1, 17, 12, 3
8, 6, 18
12, 12, 11, 12, 4
8, 15, 18, 7, 6
18, 15, 11
14, 12, 8, 11, 10
7, 10, 2, 18, 13
2, 18, 3, 11, 9
15, 12, 2, 15, 8
11, 8, 15
19, 3, 1
18, 17, 8
9, 4, 11, 13
14, 10, 16
6, 7, 12, 8, 17
16, 6, 11, 9
2, 1, 3
5, 3, 9, 4
10, 10, 10, 1, 4
12, 15, 10, 12, 5
17, 12, 1, 9, 17
16, 15, 4
3, 5, 17, 8, 12
5, 10, 6
2, 17, 12, 9, 11
7, 13, 11, 6
3, 17, 1
11, 4, 12, 13
1, 6, 5, 15
16, 4, 19
18, 5, 17
17, 18, 16, 17, 1
2, 1, 6, 19
16, 10, 7
14, 10, 11
15, 4, 3, 14
7, 14, 14, 8
19, 6, 14
18, 5, 10, 6, 4
16, 5, 17, 11
6, 11, 14, 19
18, 4, 3
4, 13, 14, 13, 18
14, 11, 15, 5
2, 15, 12, 8
5, 9, 16, 6, 11
5, 18, 11
11, 13, 8, 18
13, 3, 8, 13, 16
4, 12, 3
14, 17, 16, 17, 5
15, 17, 2, 13
16, 16, 15, 3, 16
17, 7, 19, 3, 17
8, 4, 9
1, 17, 3
13, 14, 14, 2
4, 15, 9, 17
10, 14, 10
18, 8, 13, 10, 13
10, 5, 4, 1, 3
13, 4, 2, 14, 1
11, 18, 12
15, 9, 1
19, 7, 11
15, 15, 12, 13, 4
19, 7, 11
3, 2, 17, 5, 18
7, 5, 4
3, 5, 6
7, 10, 11
11, 14, 5
14, 19, 13, 12, 15
1, 18, 13, 7, 4
14, 10, 7, 9
3, 19, 15
4, 18, 12, 4
18, 14, 6, 17, 13
19, 14, 18
10, 3, 17, 5
16, 13, 7
18, 1, 18, 19
14, 2, 1
13, 2, 7, 9
2, 4, 6
5, 13, 17
5, 11, 8, 11
19, 19, 11, 9, 12
4, 17, 8
5, 19, 15
16, 14, 10, 12, 6
6, 17, 16, 17
12, 7, 11
8, 6, 11, 6, 9
13, 8, 1, 10
1, 8, 14
2, 2, 13, 9, 7
18, 2, 8
2, 14, 14, 15
1, 6, 19
3, 4, 17, 4, 5
7, 8, 12, 13, 3
6, 16, 13
13, 19, 18
19, 13, 10
4, 3, 3
5, 11, 8
17, 8, 13, 16, 1
5, 7, 12, 7
8, 9, 18, 6
8, 1, 8
19, 7, 19, 4, 3
17, 6, 13, 14, 4
13, 6, 11, 16
4, 13, 14, 10, 8
10, 2, 7
5, 4, 3, 18, 2
2, 15, 7, 17
10, 16, 7, 19, 10
14, 17, 15
5, 18, 15, 11, 16
10, 19, 10, 1
4, 5, 5, 10
8, 14, 5, 11, 15
1, 12, 10, 14
17, 7, 11
1, 16, 15, 7, 10
12, 11, 5, 2
9, 6, 10, 14
8, 5, 1
3, 4, 19, 3
14, 7, 3, 5, 11
2, 8, 13, 3, 17
13, 7, 15
1, 9, 12, 12
5, 12, 11, 3, 14
13, 1, 10, 2, 6
15, 15, 4, 8, 1
13, 11, 9
18, 5, 1, 5
5, 8, 3
16, 7, 17
12, 7, 14
16, 2, 5, 7
16, 1, 16
7, 12, 14, 5, 7
16, 2, 4, 17, 2
17, 15, 5, 12, 14
19, 12, 4, 16
6, 11, 5
17, 10, 16, 14
7, 5, 4, 6, 4
5, 14, 18
18, 6, 7, 13
16, 18, 13, 11
18, 19, 14, 9, 15
16, 13, 4, 3, 1
10, 12, 8, 19, 14
15, 3, 4, 3
17, 5, 15, 15, 18
16, 13, 12
18, 17, 12, 11, 10
3, 18, 18
11, 14, 8
9, 8, 6
5, 13, 8
12, 14, 19, 4
7, 11, 3, 3
4, 1, 1
3, 9, 11, 6, 15
1, 2, 17, 15, 1
6, 12, 11, 7
3, 3, 4, 3, 14
14, 17, 14
3, 19, 8
13, 19, 13
2, 14, 12, 2, 9
16, 7, 5, 2, 13
13, 17, 5, 19, 4
10, 6, 6
19, 7, 9, 13
19, 12, 19, 11
8, 16, 7, 2
14, 18, 14, 1, 9
11, 1, 2
17, 8, 1, 5
2, 9, 2, 3
14, 10, 8, 9
9, 12, 7, 19, 7
6, 15, 17
4, 8, 17
18, 14, 16, 19, 5
5, 12, 10
18, 3, 6, 14
9, 14, 7, 14
15, 17, 7, 9
8, 5, 4, 3, 8
12, 6, 7, 3
19, 9, 14, 18, 9
14, 19, 8, 19, 11
11, 11, 4, 16
13, 9, 1
11, 6, 1
6, 9, 17, 2, 14
14, 3, 12, 6, 10
10, 8, 8, 14, 18
1, 19, 18
1, 17, 14
12, 9, 2, 10
12, 10, 15, 8
3, 14, 16, 11, 2
8, 1, 13
2, 8, 18, 19
18, 2, 13, 12, 9
15, 10, 19
6, 18, 12
6, 9, 2, 13, 2
9, 17, 13, 11, 8
13, 14, 16
11, 18, 19, 6
3, 17, 17, 17
17, 5, 19
4, 12, 5
18, 11, 14, 12
18, 4, 16, 11
13, 2, 9, 13, 8
10, 1, 1
9, 4, 8
14, 13, 8
5, 15, 11, 9
6, 7, 16, 8, 1
7, 2, 10, 14
17, 7, 6
7, 3, 1, 14
11, 16, 11, 19, 16
18, 4, 5, 6
14, 16, 8
4, 14, 19
6, 5, 11, 15
4, 10, 19
15, 13, 4, 15, 18
12, 8, 12, 11
10, 17, 16, 18
6, 3, 8, 14, 3
16, 10, 8, 14
18, 1, 16, 14, 2
13, 18, 10
5, 1, 18, 19
17, 13, 14, 10, 2
12, 5, 11, 11
1, 17, 1
7, 4, 1
3, 9, 4, 11
10, 1, 11
19, 16, 17, 15
6, 2, 2, 3, 18
2, 17, 6
12, 16, 11, 2
12, 14, 17, 5, 8
7, 8, 5, 8
12, 17, 18, 12, 17
16, 13, 8
18, 14, 14, 7, 1
8, 2, 14, 18, 4
3, 9, 7, 16
16, 18, 3, 16
11, 6, 15, 15
9, 17, 10, 19, 6
4, 19, 8, 10
10, 13, 10, 16
6, 2, 16, 9, 2
17, 12, 6, 16
8, 15, 15, 16
13, 4, 9
16, 16, 6
4, 2, 11, 13, 13
4, 9, 7
7, 16, 6, 17
6, 15, 4
13, 9, 7
9, 5, 10, 19, 16
12, 17, 15, 17
3, 11, 2
7, 1, 12, 4, 12
7, 11, 12
3, 15, 10
14, 14, 9, 3, 3
16, 1, 16, 15, 2
10, 12, 8, 13, 3
11, 9, 7
14, 10, 16
3, 14, 17, 2, 9
1, 12, 17
12, 4, 13, 12, 5
3, 2, 8, 5
1, 7, 18
12, 10, 2
9, 19, 15, 11
15, 13, 11, 12, 17
6, 8, 14, 6
18, 19, 15
2, 2, 13, 7, 16
18, 6, 12
1, 2, 10
19, 10, 6, 2, 6
9, 12, 3, 13, 10
9, 1, 19, 19
9, 3, 11, 1, 7
7, 14, 6, 15
6, 7, 14, 3, 4
3, 1, 18
9, 18, 15, 18
6, 5, 14
10, 16, 12
11, 6, 15
3, 5, 7, 8, 19
19, 12, 1
17, 7, 19, 13, 2
6, 17, 10, 8, 10
1, 15, 19
10, 13, 16, 13
15, 9, 18, 7, 12
17, 12, 3, 11, 12
14, 6, 8, 19, 15
7, 6, 14, 8, 13
5, 1, 8, 1, 4
4, 12, 15, 15
9, 13, 2
14, 6, 17
16, 10, 11, 1
7, 8, 12
2, 18, 17, 14, 14
10, 19, 11, 15
5, 16, 15
7, 9, 15
10, 11, 17, 8, 2
8, 8, 14
4, 10, 18
5, 19, 10, 7, 8
4, 6, 14, 16
17, 17, 4
6, 4, 12, 2
17, 7, 12, 15, 6
14, 16, 8
7, 18, 14, 18
15, 5, 2, 2
16, 1, 14
17, 7, 10, 4, 5
19, 10, 11
12, 4, 6, 11, 5
3, 9, 11, 8
16, 19, 9
7, 5, 15, 10, 6
3, 4, 8, 10
2, 7, 6, 17
4, 10, 7, 18, 4
4, 6, 19, 11
3, 19, 3, 5, 2
9, 15, 17, 8, 10
9, 5, 19, 6
5, 19, 7
4, 9, 13
12, 8, 10, 17, 11
7, 2, 10, 7
1, 15, 13, 5, 15
14, 14, 12, 15
7, 1, 2
8, 6, 11, 18, 18
5, 5, 4, 8
6, 9, 4
2, 10, 2
14, 1, 2
15, 17, 19, 17, 6
14, 3, 19, 13
2, 2, 8, 17, 14
11, 14, 18, 10
14, 11, 18, 19
12, 3, 4, 17
10, 10, 9, 11, 11
10, 17, 7, 14
11, 14, 17
4, 10, 15
11, 16, 15
3, 18, 1
13, 2, 3
13, 7, 3, 6, 14
15, 19, 6, 14
17, 15, 5
9, 5, 9, 3, 4
15, 12, 7, 16
12, 2, 4, 10, 7
7, 12, 12, 13, 8
7, 2, 2
14, 15, 9, 9, 14
12, 13, 14, 2, 17
18, 2, 4
13, 6, 19, 5, 5
17, 8, 10
12, 9, 18, 2, 17
5, 16, 9, 5, 4
4, 5, 19, 1, 6
18, 15, 3, 16, 11
16, 9, 11, 3, 8
13, 3, 7, 3
1, 16, 14, 15
5, 4, 13, 11
5, 12, 7, 8, 16
19, 8, 4, 18, 5
15, 4, 3
13, 17, 6
11, 7, 13, 19
4, 14, 17, 2
18, 7, 1, 14, 4
8, 19, 13, 7
9, 4, 12
11, 1, 13, 5, 13
7, 18, 3, 15, 8
3, 14, 12
8, 3, 11
10, 16, 11, 5
19, 14, 2, 19, 16
15, 14, 15
5, 13, 7, 10, 7
18, 8, 12, 16
6, 11, 10, 8
1, 5, 13
1, 19, 8
3, 14, 4
10, 1, 10
18, 4, 13
1, 16, 8, 5, 5
6, 18, 16
3, 17, 11
10, 11, 10, 7, 12
3, 14, 19, 6, 16
17, 9, 1, 9, 2
4, 14, 4, 14
13, 9, 5, 11, 1
4, 5, 11
5, 18, 10, 1
14, 4, 8
15, 18, 14, 15
11, 13, 4, 14, 10
3, 3, 19
5, 2, 17
2, 18, 6
19, 10, 13
15, 5, 17, 16, 10
7, 13, 7, 17
9, 6, 18
18, 2, 4, 15
4, 1, 10, 8, 8
15, 15, 5, 7, 2
4, 12, 18, 15
16, 11, 12, 8
16, 9, 19, 2, 13
4, 16, 4, 18, 4
5, 11, 14, 5, 5
6, 13, 5, 9, 10
9, 7, 19, 12, 2
1, 14, 2, 1, 5
18, 16, 18, 9
6, 16, 8
8, 10, 10
2, 1, 4, 4, 6
16, 19, 6, 17
4, 8, 2
2, 4, 11
18, 17, 4, 5
13, 1, 7, 19, 9
8, 11, 9, 1
3, 6, 4, 17, 8
12, 2, 16, 2
5, 17, 7, 6
11, 13, 11, 16
8, 13, 18, 8
6, 5, 12, 5
8, 1, 15, 5, 7
14, 3, 18, 13
15, 19, 19, 17
13, 10, 6, 19, 5
15, 19, 15
13, 13, 3, 2, 7
8, 13, 3, 14, 14
10, 6, 11
17, 9, 19, 15
2, 16, 17
12, 17, 14, 7, 16
13, 5, 7, 1, 9
16, 10, 19, 5
2, 4, 10, 5, 14
5, 12, 14
14, 11, 7, 1, 16
8, 18, 13, 3, 3
6, 1, 6
16, 11, 6, 7, 9
13, 5, 17, 11, 16
4, 16, 16, 9
15, 6, 16, 12, 4
8, 12, 16
7, 19, 14, 9, 5
3, 19, 19, 9, 3
4, 12, 16
5, 3, 6, 16, 1
3, 18, 9
18, 2, 14
14, 3, 5, 7
2, 17, 7, 7
12, 3, 8, 19
12, 2, 15, 8
1, 13, 18
9, 15, 1, 15
10, 17, 6, 17
15, 6, 13, 15
5, 5, 8
6, 12, 14
2, 10, 1
12, 9, 18, 3
2, 11, 15
15, 1, 11, 7
9, 13, 13
3, 9, 6, 14, 16
6, 13, 5, 1
6, 16, 12, 1, 17
14, 13, 18, 10, 15
11, 17, 10
19, 15, 3, 9, 16
13, 12, 18
18, 10, 16
13, 2, 3, 8, 1
13, 8, 18, 19
15, 6, 11, 14
3, 11, 7
10, 4, 18, 8, 4
8, 19, 10, 9
19, 7, 18, 1, 19
1, 13, 8, 7, 14
4, 10, 5
12, 17, 5, 6
7, 15, 15, 8
10, 3, 19, 16, 12
15, 13, 7
13, 2, 11
15, 2, 11, 7, 15
19, 14, 16, 11, 19
3, 11, 16
19, 5, 13
15, 14, 4, 19, 1
3, 18, 17, 4, 17
10, 5, 3
11, 5, 17, 5, 11
7, 15, 19, 1
1, 12, 10, 4
19, 17, 16, 4
4, 14, 5, 8
10, 7, 19, 9
8, 14, 6, 2
3, 17, 14, 18, 4
1, 7, 17, 19
17, 17, 12, 8, 5
12, 11, 11, 3, 13
18, 7, 17, 2
19, 1, 9, 2
19, 18, 15, 16
2, 10, 14, 10
17, 3, 9, 10, 12
15, 8, 11
10, 14, 6, 18
6, 14, 16
19, 13, 11, 11, 10
6, 11, 16, 16
8, 15, 8, 10
15, 19, 13
2, 19, 2
7, 17, 10
5, 16, 15, 18
3, 11, 1
19, 18, 8, 15
5, 6, 8, 19
3, 4, 6, 12
3, 10, 5, 15
4, 7, 6
7, 1, 15
19, 1, 17, 14, 14
6, 17, 3
12, 14, 17
13, 7, 19
8, 13, 12
17, 14, 5, 12, 5
12, 14, 16
16, 10, 8
15, 9, 17, 6, 9
4, 11, 16, 3
10, 16, 12
14, 18, 6, 15
6, 9, 17, 6, 4
9, 15, 9, 18, 9
3, 9, 17
9, 3, 6, 6, 7
9, 2, 15, 2
10, 13, 10, 10
10, 5, 6, 8, 1
2, 18, 15, 15, 15
5, 15, 15, 10, 18
14, 1, 15, 15, 2
14, 6, 4, 12
14, 10, 11, 12, 5
17, 4, 1
12, 3, 17, 19, 7
3, 1, 13, 19
16, 13, 19, 14
12, 6, 3, 16, 5
6, 2, 15, 17, 18
7, 3, 11
10, 13, 12, 16
1, 19, 5
1, 16, 1, 6, 8
2, 11, 1, 6
17, 14, 13
4, 18, 15
15, 2, 12
17, 6, 3, 16, 14
8, 12, 10, 13, 6
3, 6, 11, 10, 10
4, 2, 17, 16, 12
14, 7, 8
4, 12, 13
2, 19, 9, 8, 10
10, 8, 19, 16, 16
17, 3, 14
7, 7, 9, 15, 7
19, 16, 3, 3
18, 17, 11
8, 14, 15
10, 19, 8
19, 9, 3
9, 5, 6, 9, 16
6, 10, 14
1, 5, 6, 2, 4
14, 12, 1, 12
2, 13, 13, 12, 4
19, 12, 1
18, 13, 19, 4, 5
2, 5, 6, 16, 11
18, 6, 19
14, 2, 6, 11
17, 11, 3
2, 13, 5, 4, 8
17, 6, 5, 16
9, 15, 15, 10, 7
1, 15, 11, 19, 6
1, 11, 1, 18
6, 12, 12
17, 1, 10
2, 2, 5, 17, 3
8, 8, 6
4, 19, 4, 12, 8
18, 9, 14, 17, 5
5, 10, 11, 15
15, 4, 12
10, 16, 8, 17
5, 17, 7, 15, 6
11, 19, 9, 8
12, 2, 3, 14
4, 14, 18, 1, 2
19, 5, 2
2, 13, 16, 8, 10
16, 9, 12
13, 17, 11, 14
17, 19, 15
7, 1, 3
6, 16, 3, 6
4, 14, 16
19, 2, 4
11, 14, 2, 13
14, 16, 1
12, 8, 1
4, 18, 8, 11, 3
17, 14, 3, 2, 7
12, 13, 9, 2
18, 18, 19, 9, 1
14, 17, 12
15, 14, 1, 10
15, 7, 8, 13
10, 9, 1
11, 16, 15, 2
1, 10, 5, 3, 9
13, 8, 8, 14, 17
11, 11, 1
5, 16, 12
11, 19, 7, 16, 6
9, 5, 3
13, 19, 12
4, 16, 15, 8, 1
4, 15, 3
11, 13, 15, 19, 19
19, 9, 8, 8
6, 9, 12, 5
2, 3, 16, 2, 16
18, 5, 5, 10, 19
17, 9, 19, 11
9, 16, 15
16, 6, 9
11, 1, 18, 4
19, 1, 11
15, 6, 10
14, 18, 10, 8
10, 7, 19, 2, 18
7, 8, 4, 16, 5
16, 6, 4, 15
14, 9, 19, 13
5, 11, 1
6, 16, 11, 4, 15
7, 6, 9
17, 13, 14
16, 7, 8
18, 18, 16
19, 12, 16
18, 9, 4
5, 3, 6, 1, 5
8, 18, 16
9, 4, 19, 5
17, 10, 14, 2, 7
17, 2, 18, 19, 9
2, 4, 18, 4, 1
2, 4, 10
14, 15, 9
16, 2, 13, 7, 1
2, 12, 1, 15
5, 16, 1
11, 4, 15
17, 17, 14, 10
17, 8, 10
3, 6, 9, 14
4, 8, 6, 16
12, 18, 1, 18, 15
8, 2, 15
18, 9, 13, 2
2, 5, 15, 9
8, 7, 17
16, 5, 18, 8
2, 2, 6, 5
5, 8, 5, 4, 4
9, 11, 1, 15
3, 11, 9, 1, 16
15, 12, 17, 9, 17
14, 15, 5, 8, 10
2, 5, 11
2, 17, 3, 7
7, 14, 5, 6, 17
8, 16, 8, 18
19, 18, 2, 6, 14
14, 1, 9, 19, 10
6, 13, 6
14, 16, 6
3, 7, 15, 2
13, 19, 17, 17, 10
19, 11, 1, 11
9, 5, 8, 6, 1
18, 9, 1
11, 19, 18, 12, 7
2, 8, 19, 8, 12
14, 11, 18, 1
9, 14, 6, 7
18, 13, 12, 17
9, 15, 16, 4, 3
9, 8, 5
16, 3, 14
13, 9, 5, 6
15, 10, 10, 12
4, 15, 11, 12
7, 19, 8
10, 15, 9, 8, 2
17, 3, 1
15, 15, 2, 19, 16
6, 14, 11
4, 9, 15, 4
12, 15, 12, 7, 19
19, 2, 8, 9, 6
19, 19, 1, 12, 16
8, 12, 9
18, 4, 2, 17
3, 13, 17
17, 12, 17, 5
12, 12, 13
4, 13, 6
6, 16, 16, 14, 18
16, 5, 2
13, 13, 9
2, 14, 9
17, 6, 8, 3
13, 9, 19
1, 19, 16, 6, 7
9, 17, 9, 7
6, 15, 4, 8
14, 15, 19, 15
6, 13, 10
10, 15, 17, 14
19, 4, 7
11, 12, 15, 17, 16
3, 16, 6
8, 15, 11, 13, 18
17, 4, 7, 14
17, 6, 5, 13
17, 1, 1, 9
1, 2, 6, 6, 12
8, 11, 9, 8
2, 5, 6, 12
6, 18, 19
11, 9, 17, 16
7, 10, 6, 6, 2
13, 5, 8
17, 9, 2, 14, 12
2, 1, 18, 16, 8
5, 3, 13, 8
18, 17, 15
12, 2, 9, 4, 9
5, 5, 5
9, 4, 2
17, 10, 5, 14
17, 16, 16, 10, 10
14, 13, 2, 16
15, 2, 1
15, 8, 1, 11, 11
4, 2, 12, 2, 6
5, 6, 15, 10
12, 14, 19, 7
17, 14, 3
10, 5, 12, 13
9, 10, 2, 1
3, 1, 9, 2
11, 10, 19, 16
12, 18, 8
8, 19, 19, 6, 15
11, 10, 13, 5
17, 4, 6
9, 10, 16, 10
17, 12, 11, 9
2, 16, 19, 19
18, 12, 14, 9
11, 10, 6
12, 7, 2, 1
13, 17, 10
7, 13, 3
17, 18, 17
17, 10, 18, 4, 2
8, 7, 17
15, 14, 1, 15
13, 1, 6, 16, 2
6, 10, 18
13, 15, 17, 12, 17
8, 17, 11, 11, 7
11, 5, 11
14, 3, 16
